$ 2 0.000005 8.281975887399955 60 5 43
w 384 96 344 96 0
g 384 192 384 232 0
p 384 120 384 192 1 0
g 344 176 344 232 0
w 384 96 384 120 0
w 344 96 344 136 0
w 344 48 344 96 0
R 304 160 248 160 0 0 40 5 0 0 0.5
w 344 -24 344 16 0
R 344 -24 344 -64 0 0 40 5 0 0 0.5
r 344 16 344 48 0 10000
w 344 136 344 144 0
w 592 136 592 144 0
r 592 16 592 48 0 10000
R 592 -24 592 -64 0 0 40 5 0 0 0.5
w 592 -24 592 16 0
w 592 48 592 96 0
w 592 96 592 136 0
w 544 96 544 120 0
g 592 176 592 232 0
p 544 120 544 192 1 0
g 544 192 544 232 0
w 544 96 592 96 0
R 640 160 680 160 0 0 40 0 0 0 0.5
t 304 160 344 160 0 -1 5 4.407953429846326 100
t 640 160 592 160 0 -1 0 -0.5920465701536745 100
b 200 -104 713 274 0
w 424 96 384 96 0
w 544 96 504 96 0
w 424 96 504 96 0
w -184 96 -104 96 0
w -64 96 -104 96 0
w -184 96 -224 96 0
b -408 -104 105 274 0
t 32 160 -16 160 0 -1 5 1.0000018590972104e-9 100
t -304 160 -264 160 0 -1 5 1.0000018590972104e-9 100
R 32 160 72 160 0 0 40 5 0 0 0.5
w -64 96 -16 96 0
g -64 192 -64 232 0
p -64 120 -64 192 1 0
g -16 176 -16 232 0
w -64 96 -64 120 0
w -16 96 -16 136 0
w -16 48 -16 96 0
w -16 -24 -16 16 0
R -16 -24 -16 -64 0 0 40 5 0 0 0.5
r -16 16 -16 48 0 10000
w -16 136 -16 144 0
w -264 136 -264 144 0
r -264 16 -264 48 0 10000
R -264 -24 -264 -64 0 0 40 5 0 0 0.5
w -264 -24 -264 16 0
R -304 160 -360 160 0 0 40 5 0 0 0.5
w -264 48 -264 96 0
w -264 96 -264 136 0
w -224 96 -224 120 0
g -264 176 -264 232 0
p -224 120 -224 192 1 0
g -224 192 -224 232 0
w -224 96 -264 96 0
