$ 2 0.000005 8.281975887399955 60 5 43
R -240 -24 -240 -64 0 0 40 5 0 0 0.5
t -280 32 -240 32 0 1 0 2.5 100
w -240 -24 -240 16 0
t -280 160 -240 160 0 -1 5 2.5 100
R -280 32 -336 32 0 0 40 5 0 0 0.5
w -240 48 -240 96 0
w -240 96 -240 144 0
w -200 96 -200 120 0
g -240 176 -240 232 0
p -200 120 -200 192 1 0
g -200 192 -200 232 0
w -280 32 -280 160 0
w -200 96 -240 96 0
w -24 96 -64 96 0
g -64 192 -64 232 0
p -64 120 -64 192 1 0
g -24 176 -24 232 0
w -64 96 -64 120 0
w -24 96 -24 144 0
w -24 48 -24 96 0
w -24 -24 -24 16 0
R -24 -24 -24 -64 0 0 40 5 0 0 0.5
x -180 318 -84 321 4 24 推挽输出
x 404 318 500 321 4 24 开漏输出
w 384 96 344 96 0
g 384 192 384 232 0
p 384 120 384 192 1 0
g 344 176 344 232 0
w 384 96 384 120 0
w 344 96 344 136 0
w 344 48 344 96 0
R 304 160 248 160 0 0 40 5 0 0 0.5
w 344 -24 344 16 0
R 344 -24 344 -64 0 0 40 5 0 0 0.5
r 344 16 344 48 0 10000
w 344 136 344 144 0
w 592 136 592 144 0
r 592 16 592 48 0 10000
R 592 -24 592 -64 0 0 40 5 0 0 0.5
w 592 -24 592 16 0
w 592 48 592 96 0
w 592 96 592 136 0
w 544 96 544 120 0
g 592 176 592 232 0
p 544 120 544 192 1 0
g 544 192 544 232 0
t 16 32 -24 32 0 1 -5 -2.5 100
t 16 160 -24 160 0 -1 0 -2.5 100
w 16 32 16 160 0
R 16 32 64 32 0 0 40 0 0 0 0.5
w 544 96 592 96 0
R 640 160 680 160 0 0 40 0 0 0 0.5
t 304 160 344 160 0 -1 5 4.406906673748469 100
t 640 160 592 160 0 -1 0 -0.5930933262515315 100
b -376 -104 98 268 0
b 200 -104 713 274 0
w -160 96 -200 96 0
w -64 96 -104 96 0
w 424 96 384 96 0
w 544 96 504 96 0
w -160 96 -104 96 0
w 424 96 504 96 0
